Contour 1 curvature values:
-0.00000 0.35355 0.82199 0.82199 0.35355 -0.00000 -0.00000 -0.00000 -0.00000 -0.26264 -1.04339 0.20210 0.25540 -0.00481 -0.07829 0.18533 -0.00537 -0.93399 0.22895 0.28157 -0.00357 -0.95705 -0.00679 0.24453 0.27749 -0.00304 -0.95887 0.23621 0.27615 -0.00281 -0.03958 0.18191 -0.00279 -0.03262 0.18182 -0.00092 -0.03304 0.18123 -0.00152 -0.02823 0.18139 0.35355 -0.00000 -0.00000 0.35295 0.18076 -0.02996 0.00127 0.27260 0.24667 -0.00000 -0.00000 -0.00000 0.24667 0.27265 0.35376 -0.00043 -0.00043 0.00000 0.00000 0.00088 0.00087 0.35313 0.27312 0.24149 -0.93629 -0.01143 0.27569 0.24167 0.00000 0.00000 0.00000 0.00000 0.00000 0.00000 0.00000 0.00000 0.24167 0.28082 0.00747 -0.98448 0.22778 0.28402 0.35496 0.00631 -0.33422 -0.15775 0.18812 0.35355 0.00314 -0.34602 -0.14663 0.21353 0.06061 -0.36756 0.19772 0.35355 -0.00000 

Contour 2 curvature values:
-0.00000 0.35355 0.34019 0.40000 0.31402 0.33917 0.03696 -0.31741 -0.13091 0.19246 0.35670 0.00000 -0.36298 -0.10827 0.19026 0.00352 -0.06820 0.18617 -0.00393 -0.95469 -0.00701 0.00278 0.00000 0.00000 0.00000 0.00000 0.00000 0.00000 -0.00408 -0.01034 -0.98114 0.00577 0.18100 -0.06534 -1.00457 -0.00333 0.00000 -0.00333 -0.97863 -0.35513 -0.00017 -0.00077 -0.35385 -0.98127 0.24008 0.27485 0.00277 -0.04815 0.18266 0.00278 -0.98308 0.23621 0.27772 0.00301 -0.97928 0.23400 0.28020 0.00681 -0.98428 0.22895 0.28157 0.00279 -0.95444 0.22410 0.28401 0.00475 -0.10439 0.32987 0.36918 -0.17353 -0.26264 0.00000 0.00000 0.00000 -0.00000 -0.00000 -0.00000 -0.00000 

Contour 3 curvature values:
0.00000 0.35355 0.31356 0.21667 0.00000 0.00000 0.00000 0.00000 0.00000 0.00000 0.00000 0.00000 0.00000 0.00000 0.00000 0.00000 0.00000 0.21667 0.29020 -0.07871 -0.70978 0.23788 0.27526 -0.00221 -0.03618 0.18176 0.35314 0.00086 0.00087 -0.00000 -0.00000 -0.00000 -0.00000 -0.00000 -0.00000 -0.00124 -0.00124 0.35415 0.27361 0.24245 -0.98769 0.00074 0.27284 0.24649 -0.00000 -0.00000 -0.00000 -0.00000 0.24649 0.27289 0.00094 -0.98824 0.24231 0.27330 0.35377 -0.00006 -0.35303 -0.03488 0.18135 0.35355 0.00000 0.00000 0.00045 0.00045 0.35334 0.18174 -0.03201 -0.00160 0.18207 -0.04518 -0.00104 0.18391 -0.03306 -0.00984 0.27821 0.24000 0.00000 0.00000 0.00000 0.00000 0.00000 0.24000 0.28089 0.01157 -0.95196 -0.02210 -0.00818 0.00000 0.23182 0.35626 0.13225 -0.67982 0.20114 0.35355 0.00000 

Contour 4 curvature values:
0.00000 0.35355 0.58521 0.58521 -0.11571 -0.70085 0.00612 0.08182 0.00000 0.23182 0.28534 -0.02254 -0.87115 -0.01000 0.00000 0.00000 0.00000 0.00000 -0.00355 -0.01173 -0.97167 0.00502 0.18234 -0.05093 -0.35232 -0.00030 0.35420 0.18221 -0.07223 -0.06515 0.18139 -0.00050 -0.98055 0.24231 0.27282 -0.00094 -0.98174 -0.00351 0.00000 0.00000 0.00026 -0.00338 -0.98465 -0.00037 0.18138 -0.02522 -0.35664 -0.00124 0.00087 -0.35141 -0.04212 0.18229 0.00220 -0.04849 0.18210 0.03857 -0.94910 -0.04643 -0.02727 0.00000 0.00000 0.00000 0.00000 0.00000 0.00000 0.00000 0.00000 0.00000 0.00000 0.00000 0.00000 0.21667 0.31356 0.35355 0.00000 

Contour 5 curvature values:
0.00000 0.35355 0.30648 0.22143 0.00000 0.00000 0.00000 0.00000 0.00000 0.00000 0.00000 0.00000 0.22143 0.28990 -0.05609 0.01173 0.19027 -0.00354 -0.04875 0.18309 0.35306 0.00105 0.00105 -0.00000 -0.00000 -0.00000 -0.00000 -0.00000 -0.00000 -0.00178 -0.00179 0.35440 0.18283 -0.04170 0.00077 0.27487 0.24487 -0.00000 -0.00000 -0.00000 -0.00000 0.24487 0.27498 0.35384 -0.00060 -0.00060 0.00000 0.00000 0.00098 0.00098 0.35308 0.27664 0.23818 -0.96859 -0.00006 0.18445 -0.06057 -0.00198 0.18432 -0.06334 -0.00118 0.18672 -0.03849 -0.01968 0.28414 0.23333 0.00000 0.00000 0.00000 0.00000 0.23333 0.30796 0.05356 -0.32245 0.19354 0.35355 -0.00000 

Contour 6 curvature values:
-0.00000 0.35355 0.32386 0.42000 0.30311 -0.06375 -0.71298 -0.01667 0.00000 0.00000 -0.00714 -0.02010 -0.95512 0.00949 0.18407 -0.06664 0.00061 0.18364 -0.07135 0.00380 0.18385 -0.06239 0.00394 0.18315 -0.09390 -1.00835 -0.00513 0.00000 0.00000 -0.00513 -0.97571 -0.00077 0.18226 -0.03525 -0.35799 -0.00178 0.00105 -0.35097 -0.05742 0.18386 0.35440 -0.00183 -0.32727 -0.94545 -0.03807 -0.01988 0.00000 0.00000 0.00000 0.00000 0.00000 0.00000 0.00000 0.22143 0.30648 0.35355 0.00000 

Contour 7 curvature values:
-0.00000 0.35355 0.18090 -0.02965 0.00087 0.27273 0.24322 -0.98811 0.00046 0.27241 0.24677 -0.00000 -0.00000 0.24677 0.27245 0.00062 -0.02739 0.18125 0.35399 -0.00090 -0.00090 0.00000 0.00000 0.35355 0.18133 -0.02998 -0.35357 0.00055 0.35311 0.27403 0.24000 -0.90438 -0.01899 0.27804 0.23824 0.00000 0.00000 0.00000 0.00000 0.00000 0.00000 0.00000 0.00000 0.00000 0.00000 0.23824 0.28595 0.00955 -0.97390 0.21923 0.29546 0.02409 -0.19550 0.22406 0.37057 -0.06297 -0.05893 0.00000 

Contour 8 curvature values:
0.00000 0.35355 0.53133 0.48799 -0.11083 -0.00271 0.20198 -0.02593 -0.83696 0.21923 0.28518 -0.00982 -0.91122 -0.01176 0.00000 0.00000 0.00000 0.00000 0.00000 0.00000 0.00000 0.00000 -0.01176 -1.02824 0.01801 0.27948 0.24000 -0.98704 0.00143 0.18143 -0.06460 -0.05256 0.18094 -0.00062 -0.98425 -0.00323 -0.00323 -0.98494 -0.00046 0.27238 0.24322 -0.98251 -0.00088 0.27266 0.49259 0.27289 0.35355 -0.00000 

Contour 9 curvature values:
-0.00000 -0.00000 -0.00000 -0.00000 0.24286 0.27722 0.35355 0.00000 0.00000 0.00000 0.00000 0.00000 0.00000 0.00000 0.00000 0.35355 0.18302 -0.05245 0.00000 0.27722 0.23571 -0.97035 0.00000 0.27722 0.24286 0.24286 0.27722 0.00000 -0.97035 0.23571 0.27722 0.35355 0.00000 0.00000 0.00000 0.00000 0.00000 0.00000 0.00000 0.00000 0.35355 0.18302 -0.05245 -0.00000 0.27722 0.24286 0.00000 0.24286 0.27722 -0.00000 -0.97035 0.23571 0.27722 -0.00000 -0.05245 0.18302 0.35355 0.00000 0.00000 0.35355 0.18302 -0.05245 0.00000 0.18302 -0.05245 0.00000 0.27722 0.24286 0.24286 0.27722 0.00000 -0.97035 0.23571 0.27722 0.35355 -0.00000 -0.35355 -0.05245 0.18302 0.35355 -0.00000 -0.00000 -0.00000 -0.00000 -0.00000 -0.00000 0.35355 0.18302 -0.05245 -0.35355 -0.00000 

Contour 10 curvature values:
-0.00000 -0.00000 -0.00000 0.24672 0.27236 0.00000 -0.02522 0.18077 0.35355 0.00000 0.00000 0.00000 0.00000 0.35355 0.18077 -0.02522 -0.35355 0.00000 0.35355 0.27236 0.24672 0.00000 0.00000 0.00000 0.00000 0.24672 0.27236 -0.00000 -0.98664 0.24344 0.27236 -0.00000 -0.02522 0.18077 0.35355 0.00000 -0.35355 -0.02522 0.18077 0.35355 0.00000 0.00000 0.35355 0.18077 -0.02522 0.00000 0.27236 0.24672 0.00000 0.00000 0.24672 0.27236 0.35355 0.00000 0.00000 0.00000 0.00000 0.00000 0.00000 0.35355 0.18077 -0.02522 -0.00000 0.27236 0.24344 -0.98664 -0.00000 0.18077 -0.02522 -0.00000 0.27236 0.24672 0.00000 0.00000 0.24672 0.27236 -0.00000 -0.02522 0.18077 0.35355 -0.00000 -0.00000 -0.00000 -0.00000 -0.00000 -0.00000 -0.00000 -0.00000 -0.00000 -0.00000 0.35355 0.18077 -0.02522 -0.35355 0.00000 

Contour 11 curvature values:
-0.00000 -0.00000 0.24608 0.27316 0.00000 -0.02993 0.18114 0.35355 0.00000 0.00000 0.00000 0.00000 0.00000 0.00000 0.00000 0.00000 0.35355 0.27316 0.24216 -0.98397 0.00000 0.27316 0.24608 0.00000 0.00000 0.24608 0.27316 0.00000 -0.02993 0.18114 0.35355 0.00000 0.00000 0.00000 0.00000 0.00000 0.00000 0.35355 0.18114 -0.02993 0.00000 0.27316 0.24608 0.00000 0.00000 0.00000 0.24608 0.27316 0.35355 0.00000 0.00000 0.00000 0.00000 0.00000 0.00000 0.00000 0.00000 0.00000 0.00000 0.35355 0.27316 0.24608 0.00000 0.00000 0.00000 0.00000 0.24608 0.27316 0.00000 -0.02993 0.18114 0.00000 -0.02993 0.18114 0.35355 -0.00000 -0.00000 -0.00000 -0.00000 0.35355 0.27316 0.24216 -0.98397 -0.35355 0.00000 

Contour 12 curvature values:
-0.00000 -0.00000 -0.00000 -0.00000 -0.00000 -0.00000 -0.00000 0.24683 0.27223 -0.00000 -0.02445 0.18071 0.35355 0.00000 0.00000 0.00000 0.00000 0.00000 0.00000 0.00000 0.00000 0.35355 0.18071 -0.02445 -0.35355 0.00000 0.35355 0.18071 -0.02445 0.00000 0.27223 0.24683 0.00000 0.00000 0.00000 0.24683 0.27223 0.00000 -0.98707 0.24365 0.27223 0.35355 0.00000 0.00000 0.00000 -0.35355 -0.02445 0.18071 0.35355 0.00000 0.00000 0.00000 0.00000 0.35355 0.18071 -0.02445 -0.35355 0.00000 0.35355 0.27223 0.24683 0.00000 0.00000 0.00000 0.00000 0.00000 0.24683 0.27223 0.00000 -0.02445 0.18071 0.35355 0.00000 0.00000 0.00000 0.00000 0.00000 0.00000 0.00000 0.00000 0.00000 0.00000 0.35355 0.18071 -0.02445 -0.00000 0.18071 -0.02445 -0.00000 0.27223 0.24683 0.00000 0.00000 0.00000 0.24683 0.27223 -0.00000 -0.02445 0.18071 -0.00000 -0.02445 0.18071 0.35355 -0.00000 -0.35355 -0.02445 0.18071 0.35355 -0.00000 -0.00000 -0.00000 -0.00000 -0.00000 -0.00000 0.35355 0.18071 -0.02445 -0.35355 0.00000 

Contour 13 curvature values:
-0.00000 -0.00000 -0.00000 0.24692 0.27211 0.00000 -0.98748 0.24385 0.27211 0.00000 -0.02372 0.18065 0.00000 -0.02372 0.18065 0.35355 0.00000 0.00000 0.00000 0.00000 0.00000 0.00000 0.35355 0.18065 -0.02372 0.00000 0.27211 0.24692 0.00000 0.00000 0.00000 0.00000 0.24692 0.27211 0.00000 -0.98729 0.24382 0.27212 -0.00007 -0.02408 0.18068 0.00000 -0.02408 0.18068 0.00000 -0.02408 0.18068 0.35355 0.00000 -0.35355 -0.02408 0.18068 0.35355 0.00000 0.00000 0.00000 0.00000 0.00000 0.00000 0.00000 0.00000 0.35355 0.18068 -0.02408 -0.00000 0.18068 -0.02408 -0.00000 0.18068 -0.02408 -0.00000 0.27217 0.24688 0.00000 0.00000 0.00000 0.24688 0.27217 -0.00000 -0.02408 0.18068 -0.00000 -0.02408 0.18068 0.35355 0.00000 0.00000 0.35355 0.18068 -0.02408 0.00000 0.18068 -0.02408 0.00000 0.27217 0.24375 -0.98728 0.00000 0.27217 0.24687 0.00000 0.00000 0.00000 0.00000 0.00000 0.00000 0.00000 0.00000 0.24687 0.27217 0.00000 -0.98728 0.24375 0.27217 0.35355 -0.00000 -0.00000 -0.00000 -0.00000 -0.00000 -0.00000 -0.00000 -0.00000 -0.00000 -0.00000 -0.00000 -0.00000 0.35355 0.18068 -0.02408 -0.35355 -0.00000 0.35355 0.18068 -0.02408 0.00000 0.27213 0.24373 -0.98747 -0.35349 0.00000 

Contour 14 curvature values:
-0.00000 0.24697 0.27205 0.00000 -0.02338 0.18063 0.35355 0.00000 0.00000 0.00000 0.00000 0.00000 0.00000 0.00000 0.00000 0.00000 0.00000 0.35355 0.27205 0.24394 -0.98767 -0.00000 0.27205 0.24697 0.00000 0.24697 0.27205 0.35355 0.00000 0.00000 0.00000 0.00000 0.00000 0.00000 0.00000 0.00000 0.00000 0.00000 0.35355 0.18063 -0.02338 0.00000 0.27205 0.24697 0.00000 0.24697 0.27205 0.35355 0.00000 0.00000 0.00000 0.00000 0.00000 0.00000 0.00000 0.00000 0.35355 0.18063 -0.02338 -0.00000 0.27205 0.24697 0.00000 0.00000 0.00000 0.00000 0.24697 0.27205 -0.00000 -0.02338 0.18063 0.35355 -0.00000 -0.00000 -0.00000 -0.00000 -0.00000 -0.00000 0.35355 0.18063 -0.02338 -0.35355 0.00000 

Contour 15 curvature values:
-0.00000 -0.00000 -0.00000 -0.00000 -0.00000 -0.00000 -0.00000 -0.00000 0.24710 0.27189 0.00000 -0.02240 0.18055 0.35355 0.00000 0.00000 0.00000 0.00000 0.00000 0.00000 0.00000 0.00000 0.35355 0.18055 -0.02240 0.00000 0.27189 0.24710 0.00000 0.00000 0.00000 0.00000 0.00000 0.00000 0.00000 0.00000 0.24710 0.27189 0.00000 -0.02240 0.18055 0.00000 -0.02240 0.18055 0.35355 0.00000 0.00000 0.35355 0.18055 -0.02240 -0.35355 0.00000 0.35355 0.27189 0.24710 0.00000 0.00000 0.00000 0.00000 0.00000 0.24710 0.27189 0.35355 0.00000 0.00000 0.00000 0.00000 0.00000 0.00000 0.00000 0.00000 0.00000 0.00000 0.00000 0.00000 0.35355 0.18055 -0.02240 0.00000 0.27189 0.24420 -0.98821 0.00000 0.27189 0.24710 0.00000 0.24710 0.27189 0.00000 -0.98821 -0.00290 0.24710 0.27189 0.00000 -0.02240 0.18055 0.35355 -0.00000 -0.00000 -0.00000 -0.00000 -0.00000 -0.00000 -0.00000 -0.00000 0.00000 0.00000 

Contour 16 curvature values:
-0.00000 -0.00000 -0.00000 0.24737 0.27156 0.00000 -0.02040 0.18040 0.00000 -0.02040 0.18040 0.35355 0.00000 0.00000 0.35355 0.18040 -0.02040 -0.00000 0.27156 0.24737 0.00000 0.00004 0.00004 0.00000 0.24730 0.27161 -0.00005 -0.02093 0.18047 0.00010 -0.02136 0.18047 0.00022 -0.02195 0.18045 -0.00011 -0.02209 0.18059 0.00023 -0.02306 0.18058 0.00012 -0.98837 0.24403 0.27199 -0.00000 -0.02304 0.18060 -0.00000 -0.02304 0.18060 0.35355 0.00000 0.00000 0.00000 0.00000 0.00000 0.00000 0.35355 0.18060 -0.02304 0.00000 0.27199 0.24701 0.00000 0.24701 0.27199 0.35355 0.00000 0.00000 0.00000 0.00000 0.00000 0.00000 0.00000 0.00000 0.35355 0.27199 0.24701 0.00000 0.00000 0.00000 0.00000 -0.00004 -0.00004 -0.00004 0.24710 0.27192 0.00012 -0.02209 0.18047 -0.00028 -0.02102 0.18052 0.00000 -0.02107 0.18047 0.00005 -0.02093 0.18041 -0.00010 -0.02051 0.18041 -0.00010 -0.98890 0.24474 0.27156 -0.00000 -0.02040 0.18040 0.35355 -0.00000 -0.00000 -0.00000 -0.00000 -0.00000 -0.00000 -0.00000 -0.00000 0.00000 0.00000 

Contour 17 curvature values:
-0.00000 -0.00000 -0.00000 -0.00000 -0.00000 0.24718 0.27179 0.00000 -0.02179 0.18050 0.35355 0.00000 0.00000 0.00000 0.00000 0.00000 0.00000 0.35355 0.18050 -0.02179 0.00000 0.27179 0.24437 -0.98855 -0.00000 0.27179 0.24718 0.00000 0.00000 0.00000 0.24718 0.27179 -0.00000 -0.98855 0.24437 0.27179 0.00000 -0.02179 0.18050 0.00000 -0.02179 0.18050 0.00000 -0.02179 0.18050 0.35355 0.00000 0.00000 0.00000 0.00000 0.00000 0.00000 0.35355 0.18050 -0.02179 0.00000 0.27179 0.24718 0.00000 0.00000 0.00000 0.00000 0.24718 0.27179 0.00000 -0.02179 0.18050 0.35355 0.00000 -0.35355 -0.02179 0.18050 0.35355 0.00000 0.00000 0.00000 0.00000 0.00000 0.00000 0.35355 0.18050 -0.02179 0.00000 0.18050 -0.02179 0.00000 0.27179 0.24718 0.00000 0.00000 0.24718 0.27179 0.00000 -0.98855 0.24437 0.27179 0.00000 -0.02179 0.18050 0.00000 -0.02179 0.18050 0.35355 -0.00000 -0.00000 -0.00000 -0.00000 -0.00000 -0.00000 -0.00000 -0.00000 0.35355 0.18050 -0.02179 0.00000 0.27179 0.24718 -0.00282 -0.98855 -0.35355 0.00000 

Contour 18 curvature values:
-0.00000 0.24756 0.27132 0.00000 -0.99011 0.24512 0.27132 0.00000 -0.01895 0.18029 0.35355 0.00000 0.00000 0.00000 0.00000 0.35355 0.18029 -0.01895 0.00000 0.27132 0.24512 -0.99011 0.00000 0.27132 0.24756 0.24756 0.27136 0.00017 -0.99058 -0.00250 0.00000 0.24750 0.27139 0.00000 -0.01941 0.18032 0.00000 -0.01941 0.18032 0.35355 0.00000 -0.35355 -0.01941 0.18032 0.35355 0.00000 0.00000 0.00000 0.00000 0.35355 0.18032 -0.01941 -0.00000 0.18032 -0.01941 -0.00000 0.27139 0.24750 0.00000 0.24750 0.27139 -0.00000 -0.01941 0.18032 0.35355 0.00000 0.00000 0.00000 0.00000 0.00000 0.00000 0.35355 0.18032 -0.01941 0.00000 0.27139 0.24750 0.00000 0.00000 0.00000 0.00000 0.00000 0.00000 0.00000 -0.00006 0.24750 0.27138 0.00009 -0.99011 0.24512 0.27132 0.00000 -0.01895 0.18029 0.35355 -0.00000 -0.00000 -0.00000 -0.00000 -0.00000 -0.00000 -0.00000 -0.00000 -0.00000 -0.00000 0.35355 0.27132 0.24512 -0.99011 -0.35355 0.00000 

Contour 19 curvature values:
-0.00000 -0.00000 -0.00000 0.24744 0.27147 0.35355 0.00000 0.00000 0.00000 0.00000 0.00000 0.00000 0.00000 0.00000 0.35355 0.27147 0.24744 0.00000 0.00000 0.00000 0.00000 0.00003 0.24744 0.27148 -0.00005 -0.98946 0.24481 0.27151 0.00000 -0.02014 0.18038 0.35355 0.00000 0.00000 0.00000 0.00000 0.00000 0.00000 0.00000 0.00000 0.35355 0.27151 0.24740 0.00000 0.00000 0.24740 0.27151 0.00000 -0.02014 0.18038 0.35355 0.00000 0.00000 0.00000 0.00000 0.35355 0.18038 -0.02014 0.00000 0.27151 0.24481 -0.98946 0.00000 0.27151 0.24737 0.24740 0.27151 0.00005 -0.98959 0.24487 0.27147 0.00000 -0.01989 0.18036 0.35355 -0.00000 -0.00000 -0.00000 -0.00000 -0.00000 -0.00000 0.35355 0.18036 -0.01989 0.00000 0.18036 -0.01989 -0.35355 0.00000 

Contour 20 curvature values:
-0.00000 -0.00000 -0.00000 -0.00000 -0.00000 0.35355 0.18030 -0.01918 -0.00000 0.18030 -0.01918 -0.00000 0.27136 0.24753 -0.00000 -0.00000 -0.00000 0.24753 0.27136 -0.00000 -0.01918 0.18030 -0.00000 -0.01918 0.18030 0.35355 0.00000 0.00000 0.00000 0.00000 0.00000 0.00000 0.35355 0.27136 0.24506 -0.98998 0.00000 0.27136 0.24753 0.00000 0.00000 0.00000 0.24753 0.27136 0.35355 0.00000 -0.35355 -0.01918 0.18030 0.35355 0.00000 0.00000 0.35355 0.18030 -0.01918 -0.35355 -0.00000 0.35355 0.18030 -0.01918 -0.00000 0.27136 0.24506 -0.98998 -0.00000 0.27136 0.24753 0.00000 0.00000 0.00000 0.24753 0.27136 -0.00000 -0.98998 0.24506 0.27136 0.35355 -0.00000 

Contour 21 curvature values:
-0.00000 -0.00000 -0.00000 -0.00000 -0.00000 -0.00000 0.24747 0.27143 0.35355 0.00000 0.00000 0.35355 0.18034 -0.01965 0.00000 0.18034 -0.01965 0.00000 0.27143 0.49494 0.27143 0.00000 -0.98973 -0.00253 0.24747 0.27143 0.35355 0.00000 0.00000 0.00000 0.00000 0.00000 0.00000 0.00000 0.00000 0.35355 0.27143 0.24747 0.00000 0.00000 0.24747 0.27143 0.00000 -0.01965 0.18034 0.35355 0.00000 0.00000 0.00000 0.00000 0.35355 0.27143 0.24494 -0.98973 0.00000 0.27143 0.49494 0.27143 0.00000 -0.98973 0.24494 0.27143 0.35355 -0.00000 -0.00000 -0.00000 -0.00000 -0.00000 -0.00000 -0.00000 -0.00000 0.00000 0.00000 

Contour 22 curvature values:
-0.00000 -0.00000 -0.00698 -5125.78125 -0.00698 -0.00000 -0.00000 

Contour 23 curvature values:
-1812.23734 -0.03835 -0.00494 -0.03835 -1812.23734 

Contour 24 curvature values:
-0.00000 -0.00000 -0.00000 -0.00000 0.24775 0.27108 0.00000 -0.01750 0.18018 0.35355 0.00000 -0.35355 -0.01750 0.18018 0.35355 0.00000 0.00000 0.35355 0.18018 -0.01750 -0.35355 0.00000 0.35355 0.18018 -0.01750 0.00000 0.27108 0.24551 -0.99089 0.00000 0.27108 0.24775 0.24775 0.27108 0.00000 -0.99089 0.24551 0.27108 0.00000 -0.01750 0.18018 0.35355 0.00000 0.00000 0.00000 0.00000 0.00000 0.00000 0.00000 0.00000 0.35355 0.18018 -0.01750 0.00000 0.27108 0.24775 0.00000 0.00000 0.00000 0.00000 0.00000 0.00000 0.24775 0.27108 0.35355 0.00000 0.00000 0.00000 0.00000 0.00000 0.00000 0.00000 0.00000 0.00000 0.00000 0.35355 0.18018 -0.01750 0.00000 0.27108 0.24775 0.00000 0.00000 0.00000 0.00000 0.00000 0.00000 0.00000 0.24775 0.27108 0.00000 -0.99089 0.24551 0.27108 0.35355 -0.00000 -0.00000 -0.00000 -0.00000 -0.00000 -0.00000 -0.00000 -0.00000 0.35355 0.27108 0.24551 -0.99089 -0.35355 0.00000 

Contour 25 curvature values:
0.00010 0.00010 0.00005 0.24783 0.27099 0.00000 -0.01694 0.18013 0.35355 0.00000 0.00000 0.00000 0.00000 0.00000 0.00000 0.00000 0.00000 0.35355 0.27099 0.24565 -0.99120 0.00000 0.27099 0.24783 0.00000 0.24783 0.27099 0.00000 -0.99120 0.24565 0.27099 0.00000 -0.01694 0.18013 0.35355 0.00000 0.00000 0.00000 0.00000 0.35355 0.18013 -0.01694 0.00000 0.27099 0.24783 0.00005 0.00005 -0.00005 0.24773 0.27105 0.00011 -0.99099 -0.00234 -0.00008 0.00000 0.00005 -0.00227 -0.99047 -0.00008 0.27125 0.24770 -0.00006 -0.00006 0.00000 0.00000 0.00000 0.24759 0.27128 0.35355 0.00000 0.00000 0.00000 0.00000 0.35355 0.18027 -0.01873 0.00000 0.27128 0.24759 0.24759 0.27128 0.00000 -0.01873 0.18027 0.35355 -0.00000 -0.00000 -0.00000 -0.00000 -0.00000 -0.00000 0.35355 0.27128 0.24518 -0.99023 -0.00000 0.27124 0.24515 -0.99045 0.00008 0.27117 0.24527 -0.99067 0.00008 0.18021 -0.01789 -0.35355 -0.00000 -0.00000 -0.00000 -0.00011 -0.00011 0.35361 0.18022 -0.01731 -0.35355 0.00000 

Contour 26 curvature values:
-0.00000 -0.00000 -0.00698 -5125.78125 -0.00698 -0.00000 -0.00000 

Contour 27 curvature values:
-0.00000 -0.00000 -0.00000 -0.00000 -0.00000 0.24785 0.27096 0.00000 -0.01677 0.18012 0.35355 0.00000 0.00000 0.00000 0.00000 0.00000 0.00000 0.35355 0.27096 0.24570 -0.99129 -0.00000 0.27096 0.24785 0.00000 0.00000 0.24785 0.27096 -0.00000 -0.99129 0.24570 0.27096 0.35355 0.00000 0.00000 0.00000 0.00000 0.00000 0.00000 0.00000 0.00000 0.35355 0.27096 0.24785 0.00000 -0.00215 -0.99129 0.00000 0.44953 0.44953 0.00000 -0.01677 0.18012 0.35355 0.00000 0.00000 0.00000 0.00000 0.00000 0.00000 0.00000 0.00000 0.35355 0.18012 -0.01677 -0.00000 0.27096 0.24785 0.00000 0.00000 0.00000 0.24785 0.27096 -0.00000 -0.99129 0.24570 0.27096 0.35355 -0.00000 -0.00000 -0.00000 -0.00000 -0.00000 -0.00000 0.35355 0.18012 -0.01677 -0.35355 0.00000 

Contour 28 curvature values:
0.00000 0.35355 0.27125 0.24762 0.00000 0.00000 0.00000 0.00000 0.24762 0.27121 -0.00016 -0.01787 0.18020 -0.00015 -0.01748 0.18016 0.35350 0.00011 0.00011 0.00000 0.00000 0.00000 0.00000 0.35355 0.18012 -0.01741 0.00020 0.18015 -0.01668 0.00006 0.27092 0.24579 -0.99174 0.00006 0.27090 0.24792 -0.00208 -0.99255 0.00023 0.27084 0.24800 0.00000 0.00000 0.00000 0.00000 0.24800 0.27075 -0.00011 -0.01516 0.18001 -0.00005 -0.01510 0.18001 0.35355 -0.00000 -0.00000 -0.00000 -0.00000 -0.00003 -0.00003 0.35357 0.17998 -0.01525 -0.35336 0.00008 0.35355 0.27062 0.24626 -0.99265 0.00005 0.27061 0.24815 -0.00000 -0.00000 -0.00000 0.24815 0.27062 0.35358 -0.00005 -0.00005 -0.00000 

Contour 29 curvature values:
-0.00000 0.70177 0.50763 0.34817 -0.99237 -0.00183 0.00003 0.00000 0.00002 -0.00184 -0.99244 -0.00002 0.17998 -0.01440 -0.35374 -0.00008 0.35355 0.18000 -0.01496 -0.35362 -0.35355 -0.01525 0.18000 0.00003 -0.99206 -0.00202 -0.00004 0.00000 0.00000 0.00008 -0.00196 -0.99158 -0.00012 0.27088 0.24583 -0.99131 -0.00006 0.27089 0.24579 -0.99121 -0.00006 0.27097 0.24578 -0.99111 -0.35355 -0.35329 -0.01800 0.18020 0.00015 -0.01831 0.18024 0.00016 -0.99100 -0.00238 -0.00000 -0.00000 -0.00000 0.24762 0.27125 0.35355 0.00000 

Contour 30 curvature values:
-0.00000 -0.00000 -0.00000 -0.00000 -0.00000 0.24794 0.27085 -0.00000 -0.01609 0.18007 0.35355 0.00000 0.00000 0.00000 0.00000 0.00000 0.00000 0.35355 0.27085 0.24588 -0.99165 0.00000 0.27085 0.24794 0.00000 0.00000 0.24794 0.27085 0.00000 -0.01609 0.18007 0.35355 0.00000 -0.35355 -0.01609 0.18007 0.35355 0.00000 0.00000 0.35355 0.18007 -0.01609 -0.00000 0.18007 -0.01609 -0.00000 0.27085 0.24794 0.00000 0.00000 0.24794 0.27085 -0.00000 -0.01609 0.18007 0.35355 0.00000 0.00000 0.00000 0.00000 0.00000 0.00000 0.35355 0.18007 -0.01609 0.00000 0.27085 0.24794 0.00000 0.00000 0.00000 0.00000 0.24794 0.27085 0.00000 -0.01609 0.18007 0.35355 -0.00000 -0.00000 -0.00000 -0.00000 -0.00000 -0.00000 -0.00000 -0.00000 0.35355 0.18007 -0.01609 -0.35355 -0.00000 

Contour 31 curvature values:
-0.00000 -0.00000 -0.00000 0.24802 0.27075 0.00000 -0.01547 0.18002 0.00000 -0.01547 0.18002 0.35355 0.00006 -0.35341 -0.01594 0.18003 0.35355 0.00000 -0.35355 -0.01577 0.18005 0.00003 -0.99182 -0.00205 -0.00002 0.24796 0.27083 0.00000 -0.99174 0.24592 0.27083 0.00000 -0.01593 0.18006 0.35355 0.00000 0.00000 0.00000 0.00000 0.35355 0.27083 0.24592 -0.99174 -0.00000 0.27083 0.24796 0.00000 0.24796 0.27083 -0.00000 -0.99174 -0.00204 0.24796 0.27083 0.35355 0.00000 0.00000 0.00000 0.00000 0.00000 0.00000 0.00000 0.00000 0.35355 0.27083 0.24796 0.00000 0.00000 0.00000 0.00000 -0.00002 -0.00002 0.00002 0.00002 0.00000 -0.00004 -0.00204 -0.99198 0.00006 0.27075 0.24802 0.00000 0.00000 0.00000 0.00000 0.24802 0.27075 0.00000 -0.99199 0.24604 0.27075 0.00000 -0.01547 0.18002 0.35355 0.00000 0.00000 0.00000 0.00000 0.00000 0.00000 0.35355 0.18002 -0.01547 0.00000 0.27075 0.24802 0.00000 0.00000 0.00000 0.00000 0.00000 0.00000 0.00000 0.00000 0.24802 0.27075 0.00000 -0.01547 0.18002 0.00000 -0.01547 0.18002 0.35355 -0.00000 -0.00000 -0.00000 -0.00000 -0.00000 -0.00000 -0.00000 -0.00000 0.35355 0.18002 -0.01547 -0.35355 0.00000 

Contour 32 curvature values:
-0.00000 -0.00000 0.24810 0.27066 0.00000 -0.99230 0.24619 0.27066 0.00000 -0.01489 0.17998 0.00000 -0.01489 0.17998 0.35355 0.00000 0.00000 0.35355 0.17998 -0.01489 0.00000 0.27066 0.24810 -0.00190 -0.99230 0.00000 0.27066 0.24810 0.00000 0.24810 0.27066 0.00000 -0.01489 0.17998 0.35355 0.00000 0.00000 0.00000 0.00000 0.00000 0.00000 0.00000 0.00000 0.35355 0.27066 0.24619 -0.99230 0.00000 0.27066 0.24810 0.00000 0.00000 0.24810 0.27066 0.00000 -0.99230 0.24619 0.27066 0.00000 -0.01489 0.17998 0.00000 -0.01489 0.17998 0.35355 0.00000 0.00000 0.00000 0.00000 0.00000 0.00000 0.35355 0.17998 -0.01489 0.00000 0.27066 0.24810 0.00000 0.00000 0.24810 0.27066 0.00000 -0.01489 0.17998 0.35355 -0.00000 -0.00000 -0.00000 -0.00000 -0.00000 -0.00000 -0.00000 -0.00000 0.35355 0.17998 -0.01489 0.00000 0.27066 0.24810 -0.00190 -0.99230 -0.35355 0.00000 

Contour 33 curvature values:
-0.00000 -0.00000 -0.00000 -0.00000 -0.00000 0.24818 0.27055 -0.00000 -0.01423 0.17993 0.35355 0.00000 0.00000 0.00000 -0.35355 -0.01423 0.17993 0.35355 0.00000 0.00000 0.00000 0.00000 0.35355 0.17993 -0.01423 -0.35355 0.00000 0.35355 0.27055 0.24636 -0.99265 0.00000 0.27055 0.24818 0.24818 0.27055 0.00000 -0.99265 -0.00182 0.24818 0.27055 0.00000 -0.01423 0.17993 0.00000 -0.01423 0.17993 0.35355 0.00000 0.00000 0.00000 0.00000 0.00000 0.00000 0.00000 0.00000 0.00000 0.00000 0.35355 0.17993 -0.01423 -0.00000 0.27055 0.24636 -0.99265 -0.00000 0.27055 0.24818 0.00000 0.24818 0.27055 -0.00000 -0.01423 0.17993 -0.00000 -0.01423 0.17993 0.35355 0.00000 0.00000 0.35355 0.17993 -0.01423 -0.35355 0.00000 0.35355 0.27055 0.24636 -0.99265 0.00000 0.27055 0.24818 0.00000 0.00000 0.00000 0.00000 0.00000 0.24818 0.27055 0.00000 -0.99265 -0.00182 0.00000 0.24818 0.27055 0.00000 -0.01423 0.17993 0.35355 -0.00000 -0.00000 -0.00000 -0.00000 -0.00000 -0.00000 -0.00000 -0.00000 -0.00000 -0.00000 -0.00000 -0.00000 -0.00000 -0.00000 

Contour 34 curvature values:
-0.00000 -0.00000 -0.00000 -0.00000 0.24850 0.27017 0.00000 -0.01181 0.17975 0.35355 0.00000 0.00000 0.00000 0.00000 0.00000 0.00000 0.35355 0.27017 0.24699 -0.99393 0.00000 0.27017 0.24850 0.00000 0.24850 0.27017 0.00000 -0.01181 0.17980 0.00020 -0.01265 0.17977 0.35356 -0.00002 -0.00002 0.00004 0.00004 -0.00004 -0.00004 0.00008 0.00008 0.00009 -0.35321 -0.01447 0.17987 0.00000 -0.99278 -0.00179 0.00000 0.00000 0.00005 0.24821 0.27052 -0.00007 -0.99258 -0.00183 0.24817 0.27057 0.00000 -0.99258 0.24633 0.27057 0.35355 0.00000 0.00000 0.00000 0.00000 0.00000 0.00000 0.00000 0.00000 0.35355 0.17994 -0.01436 0.00000 0.27057 0.24633 -0.99258 0.00000 0.44919 0.44919 0.00000 -0.01436 0.17994 0.00000 -0.01436 0.17994 0.35355 0.00000 0.00000 0.35355 0.17994 -0.01436 0.00000 0.27057 0.24633 -0.99258 0.00000 0.27057 0.24817 0.00000 0.00000 0.00000 -0.00005 -0.00005 0.24826 0.27055 0.00000 -0.99278 0.24643 0.27051 0.35355 -0.00000 -0.35355 -0.01398 0.17982 0.35347 0.00009 0.00009 0.00008 0.00008 -0.00004 -0.35364 -0.01235 0.17980 -0.00004 -0.01231 0.17975 -0.00017 -0.99322 0.24698 0.27018 0.00002 -0.01181 0.17975 0.00000 -0.01181 0.17975 0.00000 -0.01181 0.17975 0.35355 -0.00000 -0.00000 -0.00000 -0.00000 -0.00000 -0.00000 0.35355 0.17975 -0.01181 -0.35355 0.00000 

Contour 35 curvature values:
-0.00000 -0.00000 -0.00000 -0.00000 -0.00000 0.24820 0.27053 0.35355 0.00000 0.00000 0.00000 0.00000 0.00000 0.00000 0.35355 0.27053 0.24820 0.00000 0.00000 0.00000 0.00000 0.00000 0.00000 0.00000 0.00000 0.24820 0.27053 0.35355 0.00000 0.00000 0.00000 0.00000 0.35355 0.17992 -0.01411 -0.00000 0.27053 0.24820 0.00000 0.24820 0.27053 0.00000 -0.01411 0.17992 0.35355 0.00000 0.00000 0.00000 0.00000 0.00000 0.00000 0.00000 0.00000 0.35355 0.27053 0.24640 -0.99272 0.00000 0.27053 0.24820 0.24820 0.27053 0.00000 -0.01411 0.17992 0.35355 -0.00000 -0.00000 -0.00000 -0.00000 -0.00000 -0.00000 0.35355 0.17992 -0.01411 -0.35355 0.00000 

Contour 36 curvature values:
-0.00000 -0.00000 -0.00000 -0.00000 -0.00000 0.24846 0.27021 0.00000 -0.01208 0.17977 0.35355 0.00000 0.00000 0.00000 0.00000 0.35355 0.17977 -0.01208 0.00000 0.17977 -0.01208 0.00000 0.17977 -0.01208 0.00000 0.27021 0.24692 -0.99379 0.00000 0.17977 -0.01208 0.00000 0.17977 -0.01208 -0.35339 0.00016 -0.00016 -0.00016 0.35355 0.17986 -0.01261 -0.35386 -0.00012 0.35355 0.17989 -0.01356 -0.00004 0.27047 0.24826 -0.00002 -0.00002 0.00000 0.00000 0.24823 0.27049 0.00000 -0.01386 0.17990 0.35355 0.00000 0.00000 0.00000 0.00000 0.00000 0.00000 0.35355 0.27049 0.24823 0.00000 0.00000 0.00000 0.00000 0.00000 0.24823 0.27049 0.00000 -0.01386 0.17990 0.35355 0.00000 0.00000 0.00000 0.00000 0.00000 0.00000 0.35355 0.17990 -0.01386 0.00000 0.27049 0.24646 -0.99285 -0.00002 0.17989 -0.01380 -0.35384 -0.35432 -0.01121 0.17985 0.00000 -0.01208 0.17977 0.35355 -0.00000 0.00000 0.00000 0.00000 0.00000 0.00000 0.35355 0.17977 -0.01208 0.00000 0.27021 0.24846 -0.00154 -0.99379 0.00000 0.27021 0.24846 0.00000 0.00000 0.24846 0.27021 0.00000 -0.01208 0.17977 0.35355 -0.00000 -0.00000 -0.00000 -0.00000 -0.00000 -0.00000 0.35355 0.17977 -0.01208 0.00000 0.27021 0.24692 -0.99379 -0.35355 0.00000 

Contour 37 curvature values:
-0.00000 -0.00000 -0.00000 -0.00000 -0.00000 -0.00000 -0.00000 -0.00000 -0.00000 -0.00000 -0.00000 0.24828 0.27044 0.00000 -0.01351 0.17987 0.35355 0.00000 0.00000 0.00000 0.00000 0.00000 0.00000 0.00000 0.00000 0.35355 0.17987 -0.01351 0.00000 0.27044 0.24655 -0.99303 0.00000 0.27044 0.24828 0.00000 0.00000 0.00000 0.24828 0.27044 0.00000 -0.99303 0.24655 0.27044 0.00000 -0.01351 0.17987 0.35355 0.00000 0.00000 0.00000 0.00000 0.00000 0.00000 0.00000 0.00000 0.35355 0.17987 -0.01351 0.00000 0.27044 0.24828 0.00000 0.00000 0.00000 0.00000 0.00000 0.00000 0.24828 0.27044 0.00000 -0.01351 0.17987 0.00000 -0.01351 0.17987 0.00000 -0.01351 0.17987 0.35355 0.00000 0.00000 0.00000 0.00000 0.00000 0.00000 0.00000 0.00000 0.00000 0.00000 0.35355 0.27044 0.24655 -0.99303 0.00000 0.27044 0.24828 0.00000 0.00000 0.00000 0.24828 0.27044 0.00000 -0.01351 0.17987 0.00000 -0.01351 0.17987 0.35355 -0.00000 -0.00000 -0.00000 -0.00000 -0.00000 -0.00000 0.35355 0.17987 -0.01351 0.00000 0.17987 -0.01351 -0.35355 0.00000 

Contour 38 curvature values:
-0.00000 0.35363 0.17987 -0.01307 -0.35361 0.00002 0.35354 0.27041 0.24829 0.00000 0.00000 0.00000 0.24829 0.27040 -0.00008 -0.01306 0.17982 0.35352 0.00008 0.00008 0.00000 0.00000 0.35355 0.17981 -0.01286 0.00007 0.17980 -0.01276 0.00014 0.27026 0.24845 0.00000 0.00000 0.00000 0.24845 0.27017 -0.00022 -0.01123 0.17974 -0.00006 -0.01131 0.17972 0.35355 -0.00000 -0.00000 -0.00000 -0.00000 -0.00006 -0.00006 0.35358 0.27008 0.24718 -0.99467 0.00008 0.27003 0.24862 -0.00000 -0.00000 0.24862 0.27004 0.00011 -0.01132 0.17969 0.35355 -0.00000 

Contour 39 curvature values:
-0.00000 0.35355 0.27006 0.49716 0.27003 -0.00011 -0.99397 -0.00138 0.00003 -0.00136 -0.99432 -0.00004 0.17971 -0.01091 -0.35370 -0.35358 -0.01148 0.17971 0.00008 -0.99406 -0.00159 -0.00008 0.00000 0.00005 -0.00153 -0.99355 -0.00003 0.17984 -0.02530 -0.02637 0.17985 0.00008 -0.99344 -0.00171 -0.00000 -0.00171 -0.99327 0.00004 0.17985 -0.01351 -0.35336 0.00008 0.70247 0.50662 0.70247 -0.00000 

Contour 40 curvature values:
-0.00000 -0.00000 -0.00000 -0.00000 -0.00000 0.24882 0.26976 0.00000 -0.00928 0.17956 0.35355 0.00000 0.00000 0.00000 0.00000 0.00000 0.00000 0.35355 0.17956 -0.00928 0.00000 0.17956 -0.00928 0.00000 0.26976 0.24882 0.00000 0.00000 0.00001 0.00001 0.24881 0.26977 0.00002 -0.99523 0.24760 0.26978 0.00006 -0.99517 0.24749 0.26981 0.00007 -0.00998 0.17959 -0.00007 -0.01016 0.17963 0.00000 -0.01016 0.17963 0.00010 -0.99479 -0.00140 -0.00007 0.00000 0.24864 0.26999 0.00005 -0.99451 -0.00142 -0.00004 0.00000 0.00000 0.00000 0.24860 0.27004 0.00000 -0.99436 0.24720 0.27004 0.00000 -0.01100 0.17969 0.35355 0.00000 0.00000 0.00000 0.00000 0.00000 0.00000 0.35355 0.17969 -0.01100 -0.00000 0.27004 0.24860 0.00000 0.00000 0.00000 0.00000 0.24860 0.27004 -0.00000 -0.01100 0.17969 0.35355 0.00000 0.00000 0.00000 0.00000 0.35355 0.17969 -0.01100 0.00000 0.27004 0.24720 -0.99436 0.00000 0.27004 0.24860 0.00000 0.00000 0.00000 0.00000 0.24860 0.27004 -0.00005 -0.99436 -0.00134 0.00004 0.00000 0.24864 0.26999 -0.00010 -0.99452 -0.00126 0.00007 0.00000 0.00000 -0.00005 -0.00005 0.00005 0.24881 0.26981 -0.00013 -0.99464 -0.00121 -0.00001 0.24883 0.26978 -0.00001 -0.99523 0.24765 0.26977 0.00000 -0.99526 0.24765 0.26976 0.00000 -0.00928 0.17956 0.35355 -0.00000 -0.00000 -0.00000 -0.00000 -0.00000 -0.00000 -0.00000 -0.00000 0.35355 0.17956 -0.00928 0.00000 0.17956 -0.00928 -0.35355 0.00000 

Contour 41 curvature values:
0.00000 -0.00001 -0.00001 0.00001 0.00001 -0.00005 -0.00005 0.35358 0.17963 -0.01023 -0.35344 0.00005 0.35355 0.26985 0.24750 -0.99524 0.00006 0.26984 0.24877 -0.00000 -0.00000 0.24877 0.26985 0.00009 -0.99530 -0.00126 0.24874 0.26987 0.35356 -0.00001 -0.00001 0.00000 0.00000 0.00005 0.00005 0.35353 0.26989 0.24740 -0.99435 -0.00010 0.26993 0.24867 0.24867 0.26997 0.00005 -0.99477 0.24730 0.26999 0.00005 -0.01086 0.17966 0.35355 0.00000 -0.35353 -0.01085 0.17967 0.35353 0.00000 0.00000 0.00000 0.00000 0.00006 0.00006 0.35353 0.17969 -0.01111 -0.35366 -0.00004 0.00000 -0.35352 -0.01156 0.17972 0.35352 0.00000 0.00000 0.00002 0.00002 0.35355 0.17975 -0.01159 -0.35367 -0.00005 0.35355 0.27019 0.24695 -0.99341 -0.00010 0.27021 0.49688 0.27024 0.35355 0.00000 

Contour 42 curvature values:
0.00000 -0.35355 -0.99420 0.24712 0.27009 0.00000 -0.01131 0.17971 0.35355 0.00000 0.00000 0.35355 0.17971 -0.01131 -0.35355 0.00000 0.35355 0.27009 0.24856 0.00000 0.00000 0.00000 0.00000 0.00000 0.24856 0.27009 0.00000 -0.01131 0.17971 0.35355 0.00000 0.00000 0.00000 0.00000 0.35355 0.17971 -0.01131 0.00000 0.27009 0.24856 -0.00144 -0.99420 0.00000 0.44876 0.44876 0.00000 -0.01131 0.17971 0.35355 0.00000 0.00000 0.00000 0.00000 0.00000 0.00000 0.35355 0.17971 -0.01131 0.00000 0.27009 0.24856 0.00000 0.24856 0.27009 0.00000 -0.99420 -0.00144 0.24856 0.27009 0.00000 -0.01131 0.17971 0.35355 -0.00000 -0.00000 -0.00000 -0.00000 -0.00000 -0.00000 0.35355 0.27009 0.24712 -0.99420 -0.35355 0.00000 

Contour 43 curvature values:
0.00000 0.35355 0.17977 -0.01241 0.00010 0.27022 0.24695 -0.99424 -0.35343 0.00005 0.35355 0.17973 -0.02347 -0.02294 0.17973 0.35355 -0.00000 -0.00000 -0.00000 -0.00000 -0.00000 -0.00000 -0.00004 -0.00004 0.35358 0.17971 -0.01140 -0.35344 -0.35356 -0.01070 0.17968 0.35355 -0.00000 -0.35358 -0.99448 0.24731 0.26999 -0.00003 -0.99455 -0.00136 -0.00133 -0.99476 0.00005 0.17962 -0.02047 -1.00451 0.24748 0.26986 -0.00004 -0.99493 -0.00121 0.00003 0.00002 -0.00122 -0.99497 -0.00003 0.17961 -0.00972 -0.35367 -0.00005 0.35355 0.17963 -0.00996 -0.35367 -0.00005 0.35357 0.17965 -0.01040 0.34979 0.50534 0.70336 0.00000 

Contour 44 curvature values:
-0.00000 -0.00000 -0.00000 -0.00000 -0.00000 -0.00000 -0.00000 -0.00000 -0.00000 -0.00000 -0.00000 0.24883 0.26976 0.00000 -0.00923 0.17956 0.35355 0.00000 0.00000 0.00000 0.00000 0.00000 0.00000 0.00000 0.00000 0.35355 0.17956 -0.00923 0.00000 0.26976 0.24883 0.00000 0.00000 0.00000 0.00000 0.00000 0.00000 0.00000 0.00000 0.00000 0.00000 0.24883 0.26976 0.00000 -0.00923 0.17956 0.00000 -0.00923 0.17956 0.35355 0.00000 0.00000 0.00000 0.00000 0.00000 0.00000 0.00000 0.00000 0.00000 0.00000 0.35355 0.26976 0.24766 -0.99529 0.00000 0.26976 0.24883 0.24883 0.26976 0.00000 -0.00923 0.17956 0.00000 -0.99529 0.24766 0.26976 0.00000 -0.99533 -0.99474 -0.35373 -0.00369 -19042.10388 -0.00380 -0.00017 0.00000 -0.35355 -0.99459 0.24732 0.26997 0.35355 0.00000 0.00000 0.00000 0.00000 0.35355 0.26997 0.24866 0.00000 0.00000 0.24866 0.26997 0.00000 -0.01057 0.17966 0.00000 -0.01057 0.17966 0.35355 0.00000 0.00000 0.35355 0.17966 -0.01057 0.00000 0.17966 -0.01057 0.00000 0.26997 0.24866 0.24866 0.26997 0.35355 0.00000 0.00000 0.00000 0.00000 0.00000 0.00000 0.00000 0.00000 0.35355 0.26997 0.24732 -0.99459 0.34976 0.50541 0.34976 -0.99459 -0.00134 0.24866 0.26997 0.00000 -0.01057 0.17966 0.35355 -0.00000 -0.00000 -0.00000 -0.00000 -0.00000 -0.00000 -0.00017 -0.00380 -19042.10388 0.70003 0.50491 0.70366 -0.00001 -0.35364 -0.99508 -0.99533 -0.35349 0.00000 0.35355 0.17956 -0.00923 0.00000 0.26976 0.24766 -0.99529 0.00000 0.26976 0.24883 -0.00117 -0.99529 0.00000 0.26976 0.24883 0.00000 0.00000 0.00000 0.00000 0.00000 0.24883 0.26976 0.00000 -0.00923 0.17956 0.35355 -0.00000 -0.00000 -0.00000 -0.00000 -0.00000 -0.00000 -0.00000 -0.00000 0.35355 0.26976 0.24766 -0.99529 -0.35355 0.00000 

Contour 45 curvature values:
-0.00000 -0.00000 -0.00000 -0.00000 -0.00000 -0.00000 0.24873 0.26988 0.35355 0.00000 0.00000 0.00000 0.00000 0.35355 0.17962 -0.01004 0.00000 0.17962 -0.01004 0.00000 0.26988 0.24873 0.00000 0.00000 0.00000 0.24873 0.26988 0.00000 -0.01004 0.17962 0.00000 -0.01004 0.17962 0.35355 0.00000 0.00000 0.00000 0.00000 -0.00000 0.00000 0.00000 0.00000 0.00000 0.00000 0.00000 0.00000 0.35355 0.17962 -0.01004 0.00000 0.26991 0.24747 -0.99473 -0.00005 0.26992 0.24869 0.00000 0.00000 0.00000 0.00000 0.24869 0.26992 0.35355 0.00000 0.00000 0.00000 0.00000 0.00000 0.00000 0.00000 0.00000 0.35355 0.17964 -0.01029 0.00000 0.26992 0.24869 0.00000 0.00000 0.00000 0.00000 0.24869 0.26992 0.00000 -0.01029 0.17964 0.00000 -0.01029 0.17964 0.35355 -0.00000 -0.00000 -0.00000 -0.00000 -0.00000 -0.00000 0.35355 0.17964 -0.01029 0.00000 0.17964 -0.01029 0.00000 0.17964 -0.01029 0.00000 0.26990 0.24737 -0.99486 -0.35351 0.00000 

Contour 46 curvature values:
-0.00000 -0.00000 -0.00000 0.24880 0.26980 -0.00000 -0.99515 0.24759 0.26980 -0.00000 -0.00950 0.17958 0.35355 0.00000 0.00000 0.00000 0.00000 0.35355 0.17958 -0.00950 0.00000 0.26980 0.24880 0.00000 0.00000 0.00000 0.00000 0.00000 0.24880 0.26980 0.00000 -0.00950 0.17958 0.00000 -0.00950 0.17958 0.00000 -0.00950 0.17958 0.35355 0.00000 0.00000 0.00000 0.00000 0.00000 0.00000 0.35355 0.17958 -0.00950 -0.00000 0.17958 -0.00950 -0.00000 0.26980 0.24880 0.00000 0.00000 0.24880 0.26980 -0.00000 -0.00950 0.17958 0.35355 0.00000 0.00000 0.00000 0.00000 0.00000 0.00000 0.35355 0.17958 -0.00950 0.00000 0.26980 0.24759 -0.99515 0.00000 0.26980 0.24880 0.00000 0.00000 0.24880 0.26980 0.00000 -0.99515 -0.00120 0.24880 0.26980 0.00000 -0.00950 0.17958 0.35355 -0.00000 -0.00000 -0.00000 -0.00000 -0.00000 -0.00000 0.35355 0.17958 -0.00950 -0.00000 0.26980 0.24759 -0.99515 -0.35355 -0.00000 

Contour 47 curvature values:
-0.00000 -0.00000 -0.00000 0.24877 0.26984 0.00000 -0.99503 0.24753 0.26984 0.35355 0.00000 0.00000 0.00000 0.00000 0.00000 0.00000 0.35355 0.17959 -0.00973 0.00000 0.26984 0.24877 0.00000 0.00000 0.00000 0.00000 0.24877 0.26984 0.35355 0.00000 -0.35355 -0.00973 0.17959 0.35355 0.00000 0.00000 0.35355 0.17959 -0.00973 0.00000 0.17959 -0.00973 0.00000 0.26984 0.24877 0.00000 0.00000 0.00000 0.24877 0.26984 0.35355 0.00000 0.00000 0.00000 0.00000 0.00000 0.00000 0.35355 0.17959 -0.00973 0.00000 0.26984 0.24877 0.00000 0.00000 0.00000 0.00000 0.00000 0.24877 0.26984 0.00000 -0.00973 0.17959 0.35355 -0.00000 -0.00000 -0.00000 -0.00000 -0.00000 -0.00000 0.35355 0.17959 -0.00973 -0.35355 0.00000 

Contour 48 curvature values:
-0.00000 -0.00000 -0.00000 -0.00000 -0.00000 -0.00000 0.24881 0.26978 0.35355 0.00000 0.00000 0.00000 0.00000 0.00000 0.00000 0.00000 0.00000 0.00000 0.00000 0.35355 0.17957 -0.00939 0.00000 0.26978 0.24881 0.00000 0.00000 0.00000 0.00000 0.00000 0.00000 0.00000 0.00000 0.00000 0.24881 0.26978 0.00000 -0.00939 0.17957 0.35355 0.00000 0.00000 0.00000 0.00000 0.35355 0.17957 -0.00939 -0.00000 0.17957 -0.00939 -0.00000 0.26978 0.24881 0.00000 0.24881 0.26978 -0.00000 -0.00939 0.17957 -0.00000 -0.00939 0.17957 0.35355 0.00000 0.00000 0.35355 0.17957 -0.00939 -0.35355 0.00000 0.35355 0.26978 0.24762 -0.99520 0.00000 0.26978 0.24881 0.00000 0.00000 0.00000 0.00000 0.00000 0.00000 0.24881 0.26978 0.00000 -0.00939 0.17957 0.35355 -0.00000 -0.00000 -0.00000 -0.00000 -0.00000 -0.00000 -0.00000 -0.00000 -0.00000 -0.00000 -0.00000 -0.00000 

Contour 49 curvature values:
-0.00000 -0.00000 -0.00000 -0.00000 -0.00000 -0.00000 -0.00000 0.24884 0.26975 0.00000 -0.00917 0.17955 0.35355 0.00000 0.00000 0.00000 0.00000 0.35355 0.17955 -0.00917 0.00000 0.17955 -0.00917 0.00000 0.26975 0.24884 0.00000 0.00000 0.24884 0.26975 0.00000 -0.00917 0.17955 0.00000 -0.00917 0.17955 0.35355 0.00000 0.00000 0.00000 0.00000 0.00000 0.00000 0.00000 0.00000 0.35355 0.17955 -0.00917 0.00000 0.17955 -0.00917 0.00000 0.26975 0.24884 0.24884 0.26975 0.00000 -0.99532 0.24767 0.26975 0.00000 -0.00917 0.17955 0.35355 0.00000 0.00000 0.35355 0.17955 -0.00917 -0.35355 0.00000 0.35355 0.26975 0.24767 -0.99532 0.00000 0.26975 0.24884 0.00000 0.00000 0.00000 0.24884 0.26975 0.00000 -0.00917 0.17955 0.35355 -0.00000 -0.00000 -0.00000 -0.00000 -0.00000 -0.00000 0.35355 0.17955 -0.00917 0.00000 0.17955 -0.00917 -0.35355 0.00000 

Contour 50 curvature values:
-0.00000 -0.00000 -0.00000 -0.00000 -0.00000 0.24884 0.26974 0.00000 -0.99534 -0.00116 0.24884 0.26974 0.35355 0.00000 -0.35355 -0.00912 0.17955 0.35355 0.00000 0.00000 0.00000 0.00000 0.35355 0.17955 -0.00912 -0.00000 0.17955 -0.00912 -0.35355 0.00000 0.35355 0.26974 0.24769 -0.99534 -0.00000 0.26974 0.24884 0.00000 0.24884 0.26974 -0.00000 -0.99534 0.24769 0.26974 0.35355 0.00000 0.00000 0.00000 0.00000 0.00000 0.00000 0.00000 0.00000 0.00000 0.00000 0.35355 0.17955 -0.00912 0.00000 0.26974 0.24769 -0.99534 0.00000 0.26974 0.24884 0.00000 0.00000 0.00000 0.00000 0.24884 0.26974 0.00000 -0.99534 0.24769 0.26974 0.00000 -0.00912 0.17955 0.00000 -0.00912 0.17955 0.35355 0.00000 0.00000 0.35355 0.17955 -0.00912 0.00000 0.17955 -0.00912 0.00000 0.26974 0.24884 0.00000 0.00000 0.00000 0.00000 0.00000 0.00000 0.24884 0.26974 0.00000 -0.99534 0.24769 0.26974 0.00000 -0.00912 0.17955 0.35355 -0.00000 -0.00000 -0.00000 -0.00000 -0.00000 -0.00000 -0.00000 -0.00000 0.35355 0.26974 0.24769 -0.99534 -0.35355 0.00000 

Contour 51 curvature values:
0.00000 -0.35355 -0.00907 0.17954 0.00000 -0.00907 0.17954 0.35355 0.00000 0.00000 0.35355 0.26973 0.24770 -0.99537 0.00000 0.26973 0.24885 0.00000 0.00000 0.00000 0.24885 0.26973 0.00000 -0.00907 0.17954 0.35355 0.00000 0.00000 0.00000 0.00000 0.00000 0.00000 0.35355 0.17954 -0.00907 0.00000 0.26973 0.49770 0.26973 0.00000 -0.99537 0.24770 0.26973 0.35355 0.00000 0.00000 0.00000 0.00000 0.35355 0.17954 -0.00907 0.00000 0.26973 0.24885 0.00000 0.00000 0.00000 0.24885 0.26973 0.00000 -0.00907 0.17954 0.35355 -0.00000 -0.00000 -0.00000 -0.00000 -0.00000 -0.00000 -0.00000 -0.00000 0.35355 0.26973 0.24770 -0.99537 -0.35355 0.00000 

Contour 52 curvature values:
-0.00000 -0.00000 -0.00000 -0.00000 0.24891 0.26966 -0.00000 -0.00863 0.17951 -0.00000 -0.00863 0.17951 0.35355 0.00000 0.00000 0.35355 0.17951 -0.00863 0.00000 0.17951 -0.00863 0.00000 0.26966 0.24781 -0.99560 0.00000 0.26966 0.24781 -0.99560 0.00001 0.26967 0.24892 -0.00110 -0.99550 -0.00003 0.26971 0.24890 -0.00002 -0.00001 0.00001 -0.00001 -0.00001 0.00000 0.00000 0.00000 0.00000 0.24886 0.26972 -0.00000 -0.99540 0.24771 0.26972 0.35355 0.00000 0.00000 0.00000 0.00000 0.35355 0.26972 0.24771 -0.99540 0.00000 0.26972 0.49771 0.26972 0.00000 -0.00902 0.17954 0.00000 -0.00902 0.17954 0.35355 0.00000 0.00000 0.35355 0.17954 -0.00902 -0.35355 0.00000 0.35355 0.17954 -0.00902 -0.00000 0.17954 -0.00902 -0.00000 0.17954 -0.00902 -0.00001 0.17954 -0.00899 0.00001 0.17953 -0.00904 -0.35349 0.00003 0.35355 0.26968 0.24776 -0.99557 0.00002 0.26966 0.24891 0.00001 0.00000 0.00000 0.00000 0.24891 0.26966 0.00000 -0.00863 0.17951 0.00000 -0.00863 0.17951 0.35355 -0.00000 -0.00000 -0.00000 -0.00000 0.35355 0.17951 -0.00863 -0.35355 -0.00000 -0.00000 -0.00000 

Contour 53 curvature values:
-0.00000 -0.00000 -0.00000 0.24890 0.26968 0.00000 -0.99555 0.24779 0.26968 0.35355 0.00000 -0.35355 -0.00872 0.17952 0.35355 0.00000 0.00000 0.00000 0.00000 0.00000 0.00000 0.35355 0.17952 -0.00872 -0.35355 0.00000 0.00000 0.00000 0.35355 0.17952 -0.00872 -0.35353 0.00003 0.35354 0.17952 -0.00884 -0.00002 0.26970 0.24887 0.00000 0.00000 0.00000 0.00000 0.00000 0.24887 0.26971 0.00000 -0.00892 0.17953 0.35355 0.00000 0.00000 0.00000 0.00000 0.00000 0.00000 0.35355 0.17953 -0.00892 0.00000 0.17953 -0.00892 0.00000 0.26971 0.24887 0.00000 0.00000 0.24887 0.26971 0.00000 -0.00892 0.17953 0.00000 -0.00892 0.17953 0.35355 0.00000 -0.35355 -0.00892 0.17953 0.35355 0.00000 0.00000 0.00000 0.00000 0.00000 0.00000 0.35355 0.17953 -0.00892 -0.35355 0.00000 0.35355 0.17953 -0.00892 0.00000 0.17953 -0.00892 -0.00001 0.17953 -0.00889 -0.00002 0.26968 0.24890 0.00002 0.00000 0.24890 0.26968 -0.00000 -0.00872 0.17952 -0.00000 -0.00872 0.17952 0.35355 -0.00000 -0.00000 -0.00000 -0.00000 -0.00000 -0.00000 0.35355 0.17952 -0.00872 0.00000 0.17952 -0.00872 -0.35355 0.00000 

Contour 54 curvature values:
-0.00000 -0.00000 0.24889 0.26968 -0.00000 -0.00877 0.17952 0.35355 0.00000 0.00000 0.00000 0.00000 0.00000 0.00000 0.00000 0.00000 0.00000 0.00000 0.00000 0.00000 0.00000 0.00000 0.35355 0.17952 -0.00877 -0.35355 0.00000 0.35355 0.26968 0.24778 -0.99553 0.00000 0.26968 0.24889 0.00000 0.00000 0.00000 0.00000 0.00000 0.00000 0.24889 0.26968 0.00000 -0.00877 0.17952 0.35355 0.00000 0.00000 0.00000 0.00000 0.00000 0.00000 0.00000 0.00000 0.00000 0.00000 0.35355 0.26968 0.24778 -0.99553 -0.00000 0.26968 0.24889 0.00000 0.24889 0.26968 -0.00000 -0.00877 0.17952 -0.00000 -0.00877 0.17952 0.35355 0.00000 0.00000 0.00000 0.00000 0.00000 0.00000 0.00000 0.00000 0.00000 0.00000 0.35355 0.17952 -0.00877 0.00000 0.26968 0.24778 -0.99553 0.00000 0.26968 0.24889 0.00000 0.00000 0.00000 0.00000 0.00000 0.00000 0.00000 0.24889 0.26968 0.00000 -0.99553 0.24778 0.26968 0.35355 -0.00000 -0.35355 -0.00877 0.17952 0.35355 -0.00000 -0.00000 0.35355 0.17952 -0.00877 -0.00000 0.26968 0.24778 -0.99553 -0.35355 -0.00000 

Contour 55 curvature values:
-0.00000 -0.00000 -0.00000 -0.00000 -0.00000 -0.00000 0.24891 0.26965 0.00000 -0.99562 0.24783 0.26965 0.00000 -0.00858 0.17951 0.35355 0.00000 0.00000 0.00000 0.00000 0.00000 0.00000 0.00000 0.00000 0.35355 0.17951 -0.00858 0.00000 0.17951 -0.00858 0.00000 0.26965 0.24891 0.00000 0.00000 0.24891 0.26965 0.00000 -0.99562 0.24783 0.26965 0.35355 0.00000 0.00000 0.00000 0.00000 0.00000 0.00000 0.00000 0.00000 0.00000 0.00000 0.00000 0.00000 0.35355 0.17951 -0.00858 0.00000 0.17951 -0.00858 0.00000 0.26965 0.24891 0.00000 0.00000 0.00000 0.00000 0.24891 0.26965 0.00000 -0.00858 0.17951 0.35355 0.00000 0.00000 0.00000 0.00000 0.00000 0.00000 0.00000 0.00000 0.00000 0.00000 0.35355 0.17951 -0.00858 0.00000 0.17951 -0.00858 0.00000 0.26965 0.24783 -0.99562 0.00000 0.26965 0.24891 0.00000 0.24891 0.26965 0.00000 -0.99562 0.24783 0.26965 0.35355 -0.00000 -0.00000 -0.00000 -0.00000 -0.00000 -0.00000 -0.00000 -0.00000 0.35355 0.17951 -0.00858 0.00000 0.26965 0.24783 -0.99562 -0.35355 0.00000 

Contour 56 curvature values:
0.00000 0.70431 0.50398 0.70431 0.00000 0.00000 0.00000 0.00000 0.00003 0.00003 0.35354 0.26955 0.24899 -0.00101 -0.99575 -0.00004 0.26957 0.49795 0.26958 -0.00003 -0.99587 -0.00099 0.00002 -0.00001 -0.00101 -0.99535 -0.35373 -0.00007 0.00000 -0.00300 -27814.48860 -0.01689 -0.00108 -0.00001 -0.00000 0.24892 0.26964 0.00000 -0.99567 -0.00108 -0.00000 0.00001 0.00001 -0.00001 -0.00001 -0.00000 -0.00000 -0.00000 0.24892 0.26965 0.00000 -0.00854 0.17951 0.35355 0.00000 0.00000 0.00000 0.00000 0.00000 0.00000 0.35355 0.17951 -0.00854 0.00000 0.17951 -0.00854 0.00000 0.17951 -0.00854 0.00000 0.26965 0.24892 -0.00108 -0.99565 0.00000 0.26965 0.49784 0.26965 0.00000 -0.99565 0.24784 0.26965 0.00000 -0.00854 0.17951 0.35355 0.00000 0.00000 0.00000 0.00000 0.00000 0.00000 0.00000 0.00000 0.35355 0.17951 -0.00854 0.00000 0.26965 0.24892 0.00000 0.00000 0.00000 0.00000 0.00000 0.24892 0.26964 -0.00002 -0.99560 -0.00108 0.24892 0.26964 0.00000 -0.99567 -0.00108 0.00000 0.00000 0.00000 0.00000 0.00000 0.00000 0.24892 0.26964 0.00000 -0.99567 0.24785 0.26964 0.00000 -0.00849 0.17950 0.00000 -0.00849 0.17950 0.35355 0.00000 0.00000 0.00000 0.00000 0.00000 0.00000 0.00000 0.00000 0.35355 0.26964 0.24785 -0.99567 0.00000 0.44837 0.44837 -0.00001 -0.99567 -0.00107 0.24894 0.26963 0.00000 -0.00845 0.17950 0.00000 -0.00845 0.17950 0.35355 -0.00000 -0.00000 -0.00000 -0.00000 -0.00000 -0.00000 -0.00000 -0.00000 0.35355 0.17950 -0.00845 0.00000 0.17950 -0.00845 0.00000 0.26963 0.24893 -0.00107 -0.01687 -27814.48860 -0.00300 0.00000 0.70413 0.50424 0.70413 -0.00002 -0.00292 -29669.80331 -0.00288 0.00002 0.00003 0.00003 0.70435 0.50393 0.70435 0.00000 

Contour 57 curvature values:
0.00000 0.70432 0.50396 0.70432 0.00000 0.00000 0.00000 0.00000 0.35357 0.17947 -0.00772 -0.00009 0.26956 0.24796 -0.99570 -0.00004 0.26958 0.24896 0.00000 0.00000 0.00000 0.00000 0.00000 0.24896 0.26958 -0.00006 -0.99566 0.24797 0.26954 -0.00010 -0.99564 -0.00196 -0.99545 -0.35373 -0.00007 0.00002 -0.00294 -28547.30109 0.97073 0.17949 0.00000 -0.99572 0.24787 0.26963 0.00000 -0.00840 0.17950 0.35355 0.00000 0.00000 0.00000 0.00000 0.35355 0.17950 -0.00840 0.00000 0.26963 0.24894 0.00000 0.00000 0.00000 0.00000 0.00000 0.00000 0.00000 0.24894 0.26963 0.00000 -0.00840 0.17950 0.35355 0.00000 0.00000 0.00000 0.00000 0.00000 0.00000 0.35355 0.26963 0.24787 -0.99572 0.00000 0.44836 0.44836 0.00000 -0.99572 0.24787 0.26963 0.35355 0.00000 0.00000 0.00000 0.00000 0.00000 0.00000 0.00000 0.00000 0.35355 0.17950 -0.00840 0.00000 0.17950 -0.00840 0.00000 0.26963 0.24894 0.00000 0.24894 0.26963 0.00000 -0.99572 0.24787 0.26963 0.00000 -0.00840 0.17950 0.00000 -0.00840 0.17950 0.35355 -0.00000 -0.00000 0.35355 0.17950 -0.00840 -0.35358 -0.00301 -28050.42986 -0.00299 0.00000 0.70415 0.50420 0.70417 0.00002 0.00002 -0.00007 -0.00292 -30896.10805 0.70149 0.50394 0.70433 0.00000 

Contour 58 curvature values:
-0.00000 -0.00000 -0.00000 0.24894 0.26962 -0.00000 -0.00836 0.17949 0.35355 0.00000 0.00000 0.00000 0.00000 0.35355 0.17949 -0.00836 0.00000 0.26962 0.24788 -0.99574 0.00000 0.26962 0.49788 0.26962 0.00000 -0.99574 0.24788 0.26962 0.00000 -0.00836 0.17949 0.35355 0.00000 0.00000 0.00000 0.00000 0.00000 0.00000 0.35355 0.17949 -0.00836 -0.00000 0.26962 0.24894 0.24894 0.26962 0.35355 0.00000 0.00000 0.00000 0.00000 0.00000 0.00000 0.00000 0.00000 0.00000 0.00000 0.35355 0.17949 -0.00836 0.00000 0.26962 0.24894 0.00000 0.24894 0.26962 0.00000 -0.99574 0.24788 0.26962 0.35355 -0.00000 -0.35355 -0.00836 0.17949 0.35355 -0.00000 -0.00000 0.35355 0.17949 -0.00836 -0.35355 -0.00000 

Contour 59 curvature values:
-11285.64488 -0.01605 0.24797 0.26958 0.00006 -0.99608 -0.00104 -0.00000 -0.00000 -0.00000 -0.00002 -0.00104 -0.99589 0.00002 0.17946 0.97197 -11174.19173 

Contour 60 curvature values:
-11459.97657 -0.01583 -0.00101 -0.00001 -0.00000 0.24899 0.26957 0.00006 -0.99618 -0.00205 -0.99593 0.00002 0.26956 0.24798 -0.01597 -11155.12389 

